0.900000000000000
0.512500000000000
0.512500000000000
0.500000000000000
0.500000000000000
0.487500000000000
0.512500000000000
0.500000000000000
0.462500000000000
0.500000000000000
0.525000000000000
0.537500000000000
0.512500000000000
0.525000000000000
0.487500000000000
0.512500000000000
0.487500000000000
0.487500000000000
0.475000000000000
0.500000000000000
0.487500000000000
0.475000000000000
0.487500000000000
0.500000000000000
0.487500000000000
0.500000000000000
0.512500000000000
0.487500000000000
0.500000000000000
0.500000000000000
0.512500000000000
0.487500000000000
0.512500000000000
0.512500000000000
0.487500000000000
0.512500000000000
0.500000000000000
0.512500000000000
0.500000000000000
0.487500000000000
0.487500000000000
0.475000000000000
0.512500000000000
0.462500000000000
0.512500000000000
0.512500000000000
0.500000000000000
0.512500000000000
0.512500000000000
0.487500000000000
0.525000000000000
0.512500000000000
0.512500000000000
0.500000000000000
0.512500000000000
0.500000000000000
0.512500000000000
0.512500000000000
0.487500000000000
0.475000000000000
0.512500000000000
0.487500000000000
0.500000000000000
0.500000000000000
0.500000000000000
0.487500000000000
0.525000000000000
0.475000000000000
0.500000000000000
0.462500000000000
