0.968414150000000
0.931008850000000
0.635921340000000
0.477684610000000
0.770575630000000
0.876386300000000
0.122696050000000
0.215892590000000
0.757090170000000
0.458168540000000
0.517645710000000
0.106676230000000
0.076103220000000
0.584988820000000
0.978137360000000
0.395727570000000
0.928605780000000
0.077111570000000
0.103452080000000
0.929042920000000
0.668245400000000
0.215737388000000
0.273785470000000
0.432334230000000
0.098257861000000
0.053193040000000
0.886291720000000
0.262868770000000
0.544487100000000
0.573253490000000
0.979999170000000
0.381838830000000
0.721903340000000
0.102846310000000
0.165204830000000
0.634245710000000
0.249983420000000
0.285591060000000
0.603552240000000
0.216183900000000
0.723350380000000
0.278731210000000
0.549208590000000
0.712735680000000
0.849054080000000
0.114867240000000
0.551819900000000
0.098387105000000
0.569213770000000
0.777321220000000
0.892944670000000
0.387479630000000
0.771642360000000
0.932367770000000
0.494567490000000
0.943837430000000
0.430760620000000
0.178576770000000
0.471147830000000
0.103201690000000
0.229329910000000
0.287538750000000
0.109714440000000
0.625559030000000
0.992030240000000
0.703138480000000
0.575694420000000
0.530232560000000
0.106632070000000
0.679787030000000
