   3.3059199e+00
   3.2245266e+00
   3.1092649e+00
   3.0629363e+00
   3.0475027e+00
   2.9900631e+00
   2.8814500e+00
   2.7441455e+00
   2.5946379e+00
   2.3762332e+00
   2.2854427e+00
   2.2408680e+00
   2.1569085e+00
   2.1193173e+00
   2.1444030e+00
   2.1336559e+00
   2.1322853e+00
   2.1405471e+00
   2.2001669e+00
   2.2771578e+00
   2.2767288e+00
   2.2641304e+00
   2.3081505e+00
   2.2698679e+00
   2.2945662e+00
   2.3321638e+00
   2.3492219e+00
   2.3605416e+00
   2.3807713e+00
   2.3480332e+00
   2.3306879e+00
   2.3809707e+00
   2.5410874e+00
   2.5605758e+00
   2.4876311e+00
   2.4300543e+00
   2.4581036e+00
   2.4463784e+00
   2.5585276e+00
   2.4247215e+00
   2.4482427e+00
   2.4537065e+00
   2.3878990e+00
   2.3784050e+00
   2.4124287e+00
   2.4007278e+00
   2.4242618e+00
   2.4323582e+00
   2.3694817e+00
   2.3884368e+00
   2.4090564e+00
   2.3996017e+00
   2.3884733e+00
   2.3978316e+00
   2.4583559e+00
   2.4147705e+00
   2.4613888e+00
   2.4376716e+00
   2.4274575e+00
   2.4254266e+00
   3.3294420e+00
   3.3223429e+00
   3.2798327e+00
   3.1852833e+00
   3.1785864e+00
   3.1794313e+00
   3.0604718e+00
   2.8555713e+00
   2.6818884e+00
   2.4817770e+00
   2.2531707e+00
   2.1819615e+00
   2.1085970e+00
   2.1250059e+00
   2.0979291e+00
   2.0956289e+00
   2.0964132e+00
   2.0900631e+00
   2.1450472e+00
   2.1452206e+00
   2.2373085e+00
   2.2648295e+00
   2.3235899e+00
   2.3151954e+00
   2.3060370e+00
   2.3433980e+00
   2.3493404e+00
   2.3445423e+00
   2.2948591e+00
   2.3225481e+00
   2.3150347e+00
   2.3814297e+00
   2.3997431e+00
   2.4440720e+00
   2.4795563e+00
   2.4087292e+00
   2.4136937e+00
   2.4222041e+00
   2.4860485e+00
   2.4719897e+00
   2.4233276e+00
   2.4431903e+00
   2.4058744e+00
   2.3874532e+00
   2.4134521e+00
   2.3142724e+00
   2.3833391e+00
   2.3959125e+00
   2.3427618e+00
   2.3669530e+00
   2.3956807e+00
   2.3599724e+00
   2.4027518e+00
   2.3750817e+00
   2.4158080e+00
   2.3981123e+00
   2.4333994e+00
   2.4026953e+00
   2.4258168e+00
   2.4950812e+00
   3.3543596e+00
   3.3726884e+00
   3.3924759e+00
   3.4369900e+00
   3.3739641e+00
   3.3467590e+00
   3.3193617e+00
   3.0454166e+00
   2.8149472e+00
   2.6000842e+00
   2.3521197e+00
   2.1865234e+00
   2.1097236e+00
   2.1283064e+00
   2.1014909e+00
   2.0883854e+00
   2.0900857e+00
   2.0535953e+00
   2.0739721e+00
   2.0986229e+00
   2.1813231e+00
   2.1702041e+00
   2.2700373e+00
   2.3444783e+00
   2.3449482e+00
   2.3819861e+00
   2.4426340e+00
   2.3734543e+00
   2.3258189e+00
   2.3228634e+00
   2.3894455e+00
   2.4088698e+00
   2.3923426e+00
   2.3565365e+00
   2.4427981e+00
   2.3779083e+00
   2.3746348e+00
   2.4165176e+00
   2.4270092e+00
   2.4411295e+00
   2.4639457e+00
   2.3964755e+00
   2.4163891e+00
   2.3626968e+00
   2.3568016e+00
   2.3291006e+00
   2.3773772e+00
   2.2984561e+00
   2.3584199e+00
   2.3357658e+00
   2.3533585e+00
   2.3657281e+00
   2.3811462e+00
   2.3776308e+00
   2.4455445e+00
   2.4278331e+00
   2.4134143e+00
   2.3933888e+00
   2.4362845e+00
   2.3918281e+00
   3.2396822e+00
   3.4166174e+00
   3.5410166e+00
   3.5240217e+00
   3.5976287e+00
   3.6202879e+00
   3.5521073e+00
   3.3128245e+00
   3.0074807e+00
   2.7576242e+00
   2.4551857e+00
   2.2011091e+00
   2.1327464e+00
   2.1025957e+00
   2.1031249e+00
   2.0727418e+00
   2.0936753e+00
   2.0733474e+00
   2.0502244e+00
   2.0765277e+00
   2.1218749e+00
   2.1431331e+00
   2.1905459e+00
   2.2928143e+00
   2.3631318e+00
   2.3775801e+00
   2.4091665e+00
   2.4007680e+00
   2.3099687e+00
   2.2984873e+00
   2.3446623e+00
   2.4109419e+00
   2.4185661e+00
   2.3423782e+00
   2.4007387e+00
   2.3388959e+00
   2.3525814e+00
   2.4080624e+00
   2.4352514e+00
   2.4514331e+00
   2.4359788e+00
   2.4456328e+00
   2.4196679e+00
   2.3786638e+00
   2.3153215e+00
   2.2905222e+00
   2.3079990e+00
   2.3216213e+00
   2.2901970e+00
   2.3232240e+00
   2.3131114e+00
   2.3936750e+00
   2.3589028e+00
   2.3456283e+00
   2.3916012e+00
   2.4778262e+00
   2.4307346e+00
   2.4130489e+00
   2.3815465e+00
   2.4665713e+00
   3.0967729e+00
   3.2674984e+00
   3.4597028e+00
   3.6243715e+00
   3.7201888e+00
   3.8048075e+00
   3.8520691e+00
   3.6260817e+00
   3.3532957e+00
   2.9765557e+00
   2.6273683e+00
   2.3579678e+00
   2.1306196e+00
   2.0975536e+00
   2.0988605e+00
   2.0409870e+00
   2.1096540e+00
   2.0551010e+00
   2.0742911e+00
   2.0926844e+00
   2.1624215e+00
   2.1227132e+00
   2.1952524e+00
   2.2401779e+00
   2.2699133e+00
   2.2990859e+00
   2.3763547e+00
   2.3762089e+00
   2.3289767e+00
   2.3173547e+00
   2.2710604e+00
   2.3817161e+00
   2.4464271e+00
   2.3791559e+00
   2.4165702e+00
   2.3812437e+00
   2.4091786e+00
   2.3753538e+00
   2.4955499e+00
   2.4539333e+00
   2.4937267e+00
   2.4516842e+00
   2.4481164e+00
   2.3797845e+00
   2.3527851e+00
   2.2726938e+00
   2.3129965e+00
   2.2900091e+00
   2.2939524e+00
   2.2991765e+00
   2.2913070e+00
   2.3506388e+00
   2.4108496e+00
   2.3433547e+00
   2.3872538e+00
   2.4336698e+00
   2.5003868e+00
   2.4198145e+00
   2.4131252e+00
   2.3544454e+00
   3.0497265e+00
   3.1875449e+00
   3.3875593e+00
   3.6140401e+00
   3.8378828e+00
   3.9934342e+00
   4.0407331e+00
   3.9609044e+00
   3.7020022e+00
   3.3754343e+00
   2.9442248e+00
   2.5731442e+00
   2.2724243e+00
   2.1416098e+00
   2.0620419e+00
   2.1093983e+00
   2.0570421e+00
   2.0691731e+00
   2.0942444e+00
   2.1018514e+00
   2.1303595e+00
   2.1063637e+00
   2.1301814e+00
   2.1479669e+00
   2.1732801e+00
   2.2343962e+00
   2.2350227e+00
   2.3342437e+00
   2.3823190e+00
   2.3047575e+00
   2.3093806e+00
   2.2887906e+00
   2.3127813e+00
   2.4145413e+00
   2.3646971e+00
   2.3925397e+00
   2.4471876e+00
   2.3676187e+00
   2.4344854e+00
   2.4878606e+00
   2.4363682e+00
   2.4759307e+00
   2.4422047e+00
   2.4187794e+00
   2.3829779e+00
   2.3025841e+00
   2.3307801e+00
   2.2954679e+00
   2.3099147e+00
   2.2498179e+00
   2.2855443e+00
   2.2907017e+00
   2.3765491e+00
   2.3569705e+00
   2.3332079e+00
   2.3926159e+00
   2.4422106e+00
   2.4061199e+00
   2.3836538e+00
   2.3508827e+00
   2.8974231e+00
   3.0235653e+00
   3.2399695e+00
   3.4813421e+00
   3.8276437e+00
   4.1016213e+00
   4.2769912e+00
   4.3094333e+00
   4.1539062e+00
   3.7705227e+00
   3.3997484e+00
   2.9163379e+00
   2.6130855e+00
   2.3833482e+00
   2.1711165e+00
   2.1527328e+00
   2.1453982e+00
   2.0738846e+00
   2.1321044e+00
   2.1542655e+00
   2.2244036e+00
   2.1169674e+00
   2.1365641e+00
   2.1437227e+00
   2.1827165e+00
   2.1442732e+00
   2.2146624e+00
   2.2106111e+00
   2.3002622e+00
   2.2943156e+00
   2.3278728e+00
   2.3023238e+00
   2.3251954e+00
   2.3086866e+00
   2.4015575e+00
   2.4306479e+00
   2.4178584e+00
   2.3855371e+00
   2.4624727e+00
   2.4541933e+00
   2.4985400e+00
   2.4482714e+00
   2.4612385e+00
   2.4367954e+00
   2.4059881e+00
   2.3278042e+00
   2.3346322e+00
   2.3171334e+00
   2.4014033e+00
   2.2900312e+00
   2.3132829e+00
   2.3254792e+00
   2.3989911e+00
   2.3649362e+00
   2.3835309e+00
   2.3233287e+00
   2.4101190e+00
   2.4374308e+00
   2.4641753e+00
   2.4152787e+00
   2.7497565e+00
   2.8321202e+00
   3.0023876e+00
   3.2325822e+00
   3.6335144e+00
   4.0024789e+00
   4.3532335e+00
   4.6624750e+00
   4.6236286e+00
   4.2451473e+00
   3.8323587e+00
   3.3964174e+00
   2.9370664e+00
   2.7226205e+00
   2.5335071e+00
   2.3608783e+00
   2.2438311e+00
   2.2242805e+00
   2.1980092e+00
   2.2027358e+00
   2.2630451e+00
   2.1676180e+00
   2.1082155e+00
   2.1602727e+00
   2.1644165e+00
   2.1830870e+00
   2.1883495e+00
   2.1418565e+00
   2.1983934e+00
   2.2023727e+00
   2.2778417e+00
   2.3026820e+00
   2.3095555e+00
   2.2868231e+00
   2.3148609e+00
   2.3792221e+00
   2.3892797e+00
   2.3967574e+00
   2.3933426e+00
   2.4474291e+00
   2.4352954e+00
   2.5103440e+00
   2.4551602e+00
   2.4399107e+00
   2.4563674e+00
   2.3887121e+00
   2.2826261e+00
   2.3400951e+00
   2.3118974e+00
   2.3270845e+00
   2.3134375e+00
   2.3439094e+00
   2.3966241e+00
   2.3919819e+00
   2.4076888e+00
   2.3907621e+00
   2.3575237e+00
   2.4334724e+00
   2.4229728e+00
   2.3791737e+00
   2.6606257e+00
   2.6917491e+00
   2.7620586e+00
   2.9585015e+00
   3.3530903e+00
   3.6552933e+00
   4.1040577e+00
   4.6027664e+00
   5.0382158e+00
   4.7298932e+00
   4.3753099e+00
   3.9193388e+00
   3.5247438e+00
   3.0588894e+00
   2.8088494e+00
   2.6380305e+00
   2.5161749e+00
   2.3325833e+00
   2.3082971e+00
   2.2225641e+00
   2.3519523e+00
   2.2350788e+00
   2.1890076e+00
   2.1596488e+00
   2.1932893e+00
   2.1647745e+00
   2.2353151e+00
   2.2059470e+00
   2.2123567e+00
   2.1459287e+00
   2.2062811e+00
   2.2561918e+00
   2.2824906e+00
   2.3034161e+00
   2.3140448e+00
   2.3453001e+00
   2.3806450e+00
   2.4215494e+00
   2.4478605e+00
   2.4399613e+00
   2.4856122e+00
   2.4827479e+00
   2.5021131e+00
   2.4344516e+00
   2.4513287e+00
   2.4251429e+00
   2.4297730e+00
   2.3708921e+00
   2.3995164e+00
   2.3209778e+00
   2.3455943e+00
   2.3256398e+00
   2.3702965e+00
   2.3965422e+00
   2.4117315e+00
   2.4277061e+00
   2.4885546e+00
   2.4061272e+00
   2.4107232e+00
   2.4344372e+00
   2.5435655e+00
   2.5403395e+00
   2.5396355e+00
   2.6719522e+00
   2.9490291e+00
   3.2832820e+00
   3.6355574e+00
   4.1494374e+00
   4.7412838e+00
   5.1019300e+00
   4.7630855e+00
   4.3081235e+00
   3.9169754e+00
   3.5081486e+00
   3.1642437e+00
   2.9303523e+00
   2.6615920e+00
   2.5269123e+00
   2.4360874e+00
   2.3583355e+00
   2.3564373e+00
   2.3125997e+00
   2.2608802e+00
   2.1966388e+00
   2.1469767e+00
   2.1919642e+00
   2.1733515e+00
   2.1643089e+00
   2.1441810e+00
   2.1609772e+00
   2.1391941e+00
   2.2001860e+00
   2.2091780e+00
   2.2446004e+00
   2.2242462e+00
   2.3084510e+00
   2.3361519e+00
   2.3748318e+00
   2.4019205e+00
   2.4461833e+00
   2.4248042e+00
   2.4187453e+00
   2.4552035e+00
   2.4321646e+00
   2.4387080e+00
   2.3990664e+00
   2.3983771e+00
   2.3921224e+00
   2.3476000e+00
   2.3267121e+00
   2.3512805e+00
   2.2961500e+00
   2.2504109e+00
   2.3395306e+00
   2.4064316e+00
   2.4523689e+00
   2.4484263e+00
   2.4782809e+00
   2.4357305e+00
   2.4351422e+00
   2.5385543e+00
   2.4090008e+00
   2.3835818e+00
   2.4722710e+00
   2.6315081e+00
   2.9238202e+00
   3.2204239e+00
   3.6595357e+00
   4.2314836e+00
   4.6402678e+00
   5.0436323e+00
   4.5500031e+00
   4.2218010e+00
   3.8457560e+00
   3.5404099e+00
   3.3008381e+00
   3.0639481e+00
   2.7684563e+00
   2.6718480e+00
   2.4793419e+00
   2.4482325e+00
   2.4167652e+00
   2.3685267e+00
   2.3076262e+00
   2.2940904e+00
   2.2263867e+00
   2.2255433e+00
   2.1811138e+00
   2.2154569e+00
   2.1064158e+00
   2.1543450e+00
   2.1479357e+00
   2.1962703e+00
   2.1988697e+00
   2.2936204e+00
   2.2498159e+00
   2.3030901e+00
   2.3454850e+00
   2.3745339e+00
   2.3988062e+00
   2.4268164e+00
   2.4500550e+00
   2.4474553e+00
   2.3989558e+00
   2.4368157e+00
   2.3951254e+00
   2.4469308e+00
   2.4092587e+00
   2.3821141e+00
   2.3492414e+00
   2.3575368e+00
   2.3508778e+00
   2.2903066e+00
   2.3291268e+00
   2.4059224e+00
   2.3939969e+00
   2.4674389e+00
   2.4253792e+00
   2.4455395e+00
   2.4106506e+00
   2.6091672e+00
   2.4398255e+00
   2.3185983e+00
   2.2658953e+00
   2.2909443e+00
   2.4745422e+00
   2.7636197e+00
   3.1665103e+00
   3.7121916e+00
   4.0507775e+00
   4.4014351e+00
   4.4270498e+00
   4.2147255e+00
   4.0819706e+00
   3.7168584e+00
   3.5293589e+00
   3.3168160e+00
   3.0824515e+00
   2.8962508e+00
   2.7929834e+00
   2.5569037e+00
   2.4890662e+00
   2.4340806e+00
   2.3905623e+00
   2.2794015e+00
   2.2527236e+00
   2.2340481e+00
   2.2295868e+00
   2.1806249e+00
   2.1585007e+00
   2.1411244e+00
   2.1055625e+00
   2.1920464e+00
   2.2249257e+00
   2.2037308e+00
   2.2763368e+00
   2.2673480e+00
   2.2816811e+00
   2.2908056e+00
   2.3176042e+00
   2.3555018e+00
   2.4115738e+00
   2.4320841e+00
   2.4014283e+00
   2.4462902e+00
   2.4147291e+00
   2.3738931e+00
   2.4004768e+00
   2.4186545e+00
   2.3852242e+00
   2.3063114e+00
   2.3148509e+00
   2.3492493e+00
   2.3682845e+00
   2.3948066e+00
   2.4369344e+00
   2.4842206e+00
   2.4428012e+00
   2.4449500e+00
   2.4454653e+00
   2.8384075e+00
   2.6378667e+00
   2.4317436e+00
   2.1575372e+00
   2.1646592e+00
   2.2092789e+00
   2.3851517e+00
   2.7461597e+00
   3.1898917e+00
   3.5760058e+00
   3.9464896e+00
   4.1107654e+00
   3.9371692e+00
   3.9291167e+00
   3.7948790e+00
   3.6489402e+00
   3.3924954e+00
   3.2419861e+00
   3.1608591e+00
   2.9591700e+00
   2.8166514e+00
   2.6670211e+00
   2.5950975e+00
   2.4632128e+00
   2.4547424e+00
   2.3428343e+00
   2.2901152e+00
   2.2608977e+00
   2.3013700e+00
   2.1725627e+00
   2.1568533e+00
   2.1457755e+00
   2.1661678e+00
   2.1731511e+00
   2.2241198e+00
   2.2869792e+00
   2.2834207e+00
   2.2317594e+00
   2.2843326e+00
   2.2646947e+00
   2.3198557e+00
   2.3203838e+00
   2.4071022e+00
   2.4123285e+00
   2.4263232e+00
   2.4510811e+00
   2.4134960e+00
   2.4239409e+00
   2.4229592e+00
   2.3602933e+00
   2.4013172e+00
   2.3528650e+00
   2.3615209e+00
   2.4111032e+00
   2.4317341e+00
   2.4856476e+00
   2.5524921e+00
   2.4852558e+00
   2.4068231e+00
   2.4086953e+00
   3.0779035e+00
   2.9143581e+00
   2.6086465e+00
   2.3461257e+00
   2.1683410e+00
   2.0207311e+00
   2.1155227e+00
   2.3622675e+00
   2.7198913e+00
   3.0971455e+00
   3.4668618e+00
   3.6480877e+00
   3.7591879e+00
   3.7925327e+00
   3.7658313e+00
   3.7140971e+00
   3.5948950e+00
   3.4041180e+00
   3.2962482e+00
   3.1922438e+00
   3.0420810e+00
   2.8120236e+00
   2.6950681e+00
   2.6077291e+00
   2.4909865e+00
   2.4528514e+00
   2.2838203e+00
   2.2872167e+00
   2.2542020e+00
   2.2131223e+00
   2.1515997e+00
   2.1327811e+00
   2.1958497e+00
   2.1755450e+00
   2.2280200e+00
   2.2848206e+00
   2.2545208e+00
   2.2611961e+00
   2.2481435e+00
   2.2789690e+00
   2.2555848e+00
   2.3086487e+00
   2.2807165e+00
   2.3162759e+00
   2.3847041e+00
   2.4406382e+00
   2.4194570e+00
   2.4099403e+00
   2.4011809e+00
   2.3689663e+00
   2.3830586e+00
   2.3867243e+00
   2.3782142e+00
   2.4067383e+00
   2.3972041e+00
   2.4259757e+00
   2.5074012e+00
   2.5477851e+00
   2.4053458e+00
   2.4119473e+00
   3.3574445e+00
   3.1526274e+00
   2.9789415e+00
   2.5537270e+00
   2.3594207e+00
   2.1131826e+00
   1.9660083e+00
   2.1073006e+00
   2.3891993e+00
   2.6932761e+00
   3.0441837e+00
   3.2984999e+00
   3.4750959e+00
   3.4936909e+00
   3.5851844e+00
   3.6538931e+00
   3.5722684e+00
   3.5185439e+00
   3.5058321e+00
   3.3626540e+00
   3.2238364e+00
   3.0618652e+00
   2.9351740e+00
   2.7451979e+00
   2.6375886e+00
   2.5017677e+00
   2.4846618e+00
   2.3017657e+00
   2.2836524e+00
   2.1506784e+00
   2.1757594e+00
   2.1498684e+00
   2.1764042e+00
   2.1930700e+00
   2.2284276e+00
   2.2496990e+00
   2.3020853e+00
   2.2652443e+00
   2.2888244e+00
   2.2815281e+00
   2.2856550e+00
   2.2658741e+00
   2.2892824e+00
   2.2349001e+00
   2.3717429e+00
   2.3865087e+00
   2.4482682e+00
   2.4481057e+00
   2.4455986e+00
   2.3985481e+00
   2.3669218e+00
   2.3570399e+00
   2.4271218e+00
   2.3807205e+00
   2.4614775e+00
   2.4924571e+00
   2.4835217e+00
   2.4868431e+00
   2.5090691e+00
   2.4641482e+00
   3.5177698e+00
   3.4459279e+00
   3.2636892e+00
   2.9460250e+00
   2.5856982e+00
   2.2723438e+00
   2.0573026e+00
   1.9969195e+00
   2.1944440e+00
   2.4355451e+00
   2.6701887e+00
   2.9290547e+00
   3.1039863e+00
   3.2760043e+00
   3.3073811e+00
   3.4355629e+00
   3.5640012e+00
   3.5414217e+00
   3.4995367e+00
   3.4628225e+00
   3.3912441e+00
   3.2238510e+00
   3.0967195e+00
   2.9317688e+00
   2.7829789e+00
   2.6913715e+00
   2.5344589e+00
   2.4974818e+00
   2.3446367e+00
   2.2320420e+00
   2.1788803e+00
   2.1279176e+00
   2.1313498e+00
   2.1747789e+00
   2.2589521e+00
   2.3009065e+00
   2.2892314e+00
   2.2914833e+00
   2.3051054e+00
   2.2971605e+00
   2.2908122e+00
   2.2572653e+00
   2.2617694e+00
   2.2886074e+00
   2.3023312e+00
   2.4045134e+00
   2.3904608e+00
   2.4024631e+00
   2.4013090e+00
   2.3931121e+00
   2.3744666e+00
   2.3815074e+00
   2.3613082e+00
   2.4088787e+00
   2.4429804e+00
   2.4623946e+00
   2.4914954e+00
   2.4834579e+00
   2.4540015e+00
   2.4720941e+00
   3.7448926e+00
   3.6487622e+00
   3.5217878e+00
   3.3141703e+00
   2.9657269e+00
   2.5238936e+00
   2.2780109e+00
   2.0519281e+00
   2.1268976e+00
   2.2393227e+00
   2.4795881e+00
   2.6051149e+00
   2.8627367e+00
   3.0759358e+00
   3.1751626e+00
   3.2464570e+00
   3.2759751e+00
   3.4402801e+00
   3.5071933e+00
   3.4998009e+00
   3.4897312e+00
   3.4467550e+00
   3.2940003e+00
   3.1106507e+00
   3.0010095e+00
   2.8295808e+00
   2.6939061e+00
   2.5072591e+00
   2.5021227e+00
   2.2910567e+00
   2.2187132e+00
   2.0966903e+00
   2.1643774e+00
   2.1460408e+00
   2.2238858e+00
   2.3089374e+00
   2.4040346e+00
   2.2795624e+00
   2.3403497e+00
   2.3252828e+00
   2.3227320e+00
   2.3403020e+00
   2.3775579e+00
   2.3062249e+00
   2.3794312e+00
   2.3868900e+00
   2.3790722e+00
   2.3811676e+00
   2.3954440e+00
   2.3657577e+00
   2.3735021e+00
   2.3764327e+00
   2.3666972e+00
   2.3684922e+00
   2.4590600e+00
   2.4568841e+00
   2.4872120e+00
   2.4882122e+00
   2.4882342e+00
   2.4430770e+00
   3.7697923e+00
   3.8028304e+00
   3.7745114e+00
   3.5765490e+00
   3.2001935e+00
   2.8629084e+00
   2.5739770e+00
   2.3169405e+00
   2.2069677e+00
   2.2154708e+00
   2.3246174e+00
   2.4393267e+00
   2.5848198e+00
   2.8347059e+00
   2.9820644e+00
   3.1021055e+00
   3.2578119e+00
   3.3164981e+00
   3.4405459e+00
   3.4966463e+00
   3.4916769e+00
   3.5222742e+00
   3.4969374e+00
   3.3492818e+00
   3.2857202e+00
   3.0749558e+00
   2.8831247e+00
   2.6482119e+00
   2.5178570e+00
   2.3661913e+00
   2.2050296e+00
   2.1203513e+00
   2.1023795e+00
   2.1944528e+00
   2.1854251e+00
   2.2418504e+00
   2.3024009e+00
   2.3074269e+00
   2.3145627e+00
   2.3323709e+00
   2.3493202e+00
   2.3439053e+00
   2.3667059e+00
   2.3004036e+00
   2.3735403e+00
   2.3502102e+00
   2.4204084e+00
   2.3115584e+00
   2.3702099e+00
   2.3897484e+00
   2.3607937e+00
   2.3543186e+00
   2.3872392e+00
   2.3199541e+00
   2.3636657e+00
   2.3782034e+00
   2.4195393e+00
   2.4611260e+00
   2.4793216e+00
   2.4619634e+00
   3.6012698e+00
   3.7905970e+00
   3.9244807e+00
   3.8144001e+00
   3.4629359e+00
   3.0662516e+00
   2.8905362e+00
   2.6303129e+00
   2.4817159e+00
   2.3744809e+00
   2.3447807e+00
   2.3818744e+00
   2.4537583e+00
   2.5687199e+00
   2.7961941e+00
   2.8846124e+00
   3.1088424e+00
   3.2391716e+00
   3.3247561e+00
   3.4626138e+00
   3.5168077e+00
   3.5510544e+00
   3.5941596e+00
   3.5911314e+00
   3.5124632e+00
   3.4091796e+00
   3.1621757e+00
   2.9213754e+00
   2.7521010e+00
   2.4895347e+00
   2.2448076e+00
   2.1028150e+00
   2.1170878e+00
   2.1206725e+00
   2.1637800e+00
   2.1773435e+00
   2.2585243e+00
   2.2625128e+00
   2.3200795e+00
   2.2781857e+00
   2.3590477e+00
   2.3617967e+00
   2.3915370e+00
   2.3831699e+00
   2.4062673e+00
   2.4159360e+00
   2.4415075e+00
   2.3893376e+00
   2.3876933e+00
   2.3625124e+00
   2.3697768e+00
   2.3587586e+00
   2.3729897e+00
   2.3347867e+00
   2.3553112e+00
   2.3056322e+00
   2.4133098e+00
   2.4075490e+00
   2.4712558e+00
   2.4478607e+00
   3.3234990e+00
   3.6684050e+00
   3.8853760e+00
   4.0118480e+00
   4.0044700e+00
   3.4512529e+00
   3.1984808e+00
   2.9275829e+00
   2.7031291e+00
   2.5239169e+00
   2.4180847e+00
   2.4774767e+00
   2.4294059e+00
   2.4044419e+00
   2.5600967e+00
   2.7225190e+00
   2.8181180e+00
   2.9874728e+00
   3.1356127e+00
   3.2957820e+00
   3.5272051e+00
   3.6604083e+00
   3.7011689e+00
   3.6272570e+00
   3.7797479e+00
   3.6566023e+00
   3.4832762e+00
   3.2154466e+00
   2.8960526e+00
   2.6509586e+00
   2.3489947e+00
   2.0496587e+00
   2.0284483e+00
   2.1382887e+00
   2.1824838e+00
   2.2437373e+00
   2.1759799e+00
   2.2185740e+00
   2.2681096e+00
   2.3097890e+00
   2.2695495e+00
   2.3737501e+00
   2.4136039e+00
   2.4408635e+00
   2.4459231e+00
   2.3812142e+00
   2.4220330e+00
   2.4353031e+00
   2.4143350e+00
   2.4272646e+00
   2.3832204e+00
   2.3531305e+00
   2.3613393e+00
   2.3752282e+00
   2.3449684e+00
   2.3565395e+00
   2.3160571e+00
   2.3139075e+00
   2.3582063e+00
   2.4512153e+00
   2.9395139e+00
   3.2713397e+00
   3.5728746e+00
   3.7791257e+00
   4.1432604e+00
   3.9476506e+00
   3.5812002e+00
   3.3246928e+00
   3.1190242e+00
   2.7911077e+00
   2.6251188e+00
   2.4776668e+00
   2.5031846e+00
   2.4417059e+00
   2.4470688e+00
   2.5640369e+00
   2.7166316e+00
   2.8072727e+00
   3.0151945e+00
   3.1676064e+00
   3.3326209e+00
   3.5190244e+00
   3.7566859e+00
   3.8042274e+00
   3.8300609e+00
   3.9724286e+00
   3.8391355e+00
   3.6359922e+00
   3.2724334e+00
   2.9306078e+00
   2.6185115e+00
   2.2482380e+00
   2.0422005e+00
   2.0406085e+00
   2.1533091e+00
   2.1916593e+00
   2.2011980e+00
   2.1314016e+00
   2.2454214e+00
   2.2512830e+00
   2.2853997e+00
   2.3437391e+00
   2.4204683e+00
   2.4095402e+00
   2.4819803e+00
   2.4294254e+00
   2.4759174e+00
   2.4210517e+00
   2.4689171e+00
   2.3976831e+00
   2.4369624e+00
   2.4207573e+00
   2.3840034e+00
   2.3721383e+00
   2.4375043e+00
   2.3434790e+00
   2.4409699e+00
   2.3373906e+00
   2.3616104e+00
   2.4209986e+00
   2.5792688e+00
   2.9109147e+00
   3.2561131e+00
   3.5174226e+00
   3.7741963e+00
   3.9942020e+00
   3.7924149e+00
   3.5488236e+00
   3.4033367e+00
   3.0826179e+00
   2.8032226e+00
   2.6566625e+00
   2.5293348e+00
   2.4914836e+00
   2.4665355e+00
   2.4906240e+00
   2.5783755e+00
   2.6360170e+00
   2.7927030e+00
   2.9408250e+00
   3.1392889e+00
   3.3571486e+00
   3.5907766e+00
   3.8160605e+00
   3.9964723e+00
   4.0936295e+00
   4.1852296e+00
   4.1076519e+00
   3.7770999e+00
   3.3201492e+00
   2.8856860e+00
   2.5716124e+00
   2.2709023e+00
   2.1320788e+00
   2.1314669e+00
   2.1031240e+00
   2.1881922e+00
   2.1590398e+00
   2.1903591e+00
   2.2515479e+00
   2.2196575e+00
   2.2719231e+00
   2.3129902e+00
   2.4139997e+00
   2.4172651e+00
   2.3908442e+00
   2.4510336e+00
   2.4557665e+00
   2.4592191e+00
   2.4535042e+00
   2.3994497e+00
   2.4463019e+00
   2.4159305e+00
   2.3697650e+00
   2.3720926e+00
   2.3651834e+00
   2.3562677e+00
   2.3261427e+00
   2.3238593e+00
   2.3479719e+00
   2.2781111e+00
   2.5638739e+00
   2.9375312e+00
   3.2744634e+00
   3.5363898e+00
   3.7096403e+00
   3.7723054e+00
   3.6927546e+00
   3.5087968e+00
   3.2828386e+00
   3.0786211e+00
   2.8256773e+00
   2.7357210e+00
   2.5504552e+00
   2.5365289e+00
   2.4111741e+00
   2.4590148e+00
   2.4712422e+00
   2.5969681e+00
   2.7475590e+00
   2.9582061e+00
   3.1418863e+00
   3.3718051e+00
   3.6384525e+00
   3.8833708e+00
   4.1566135e+00
   4.4183238e+00
   4.5360648e+00
   4.3746937e+00
   3.8630630e+00
   3.3472518e+00
   2.8426814e+00
   2.5991638e+00
   2.3705753e+00
   2.2156078e+00
   2.1671317e+00
   2.1800259e+00
   2.1845463e+00
   2.2209917e+00
   2.2780368e+00
   2.3057234e+00
   2.2317733e+00
   2.2976310e+00
   2.2987874e+00
   2.3874553e+00
   2.3745235e+00
   2.4147600e+00
   2.4470375e+00
   2.4685026e+00
   2.4404991e+00
   2.4050433e+00
   2.3989624e+00
   2.4561892e+00
   2.3766565e+00
   2.4372588e+00
   2.3487927e+00
   2.3353498e+00
   2.3276065e+00
   2.3206316e+00
   2.3024921e+00
   2.0214633e+00
   2.2949003e+00
   2.5345351e+00
   2.9123040e+00
   3.2546732e+00
   3.4800974e+00
   3.6005294e+00
   3.6348272e+00
   3.5604640e+00
   3.4526836e+00
   3.2535549e+00
   3.0931974e+00
   2.8862520e+00
   2.7339787e+00
   2.6687724e+00
   2.6149440e+00
   2.4348839e+00
   2.4104548e+00
   2.4241129e+00
   2.5108824e+00
   2.5897154e+00
   2.8362983e+00
   3.0586810e+00
   3.3398705e+00
   3.6201811e+00
   3.9617808e+00
   4.3313082e+00
   4.6567858e+00
   4.7583592e+00
   4.6181672e+00
   3.9303557e+00
   3.2679665e+00
   2.8085589e+00
   2.6116972e+00
   2.4640012e+00
   2.3290883e+00
   2.2735136e+00
   2.2154375e+00
   2.2293491e+00
   2.3267310e+00
   2.3596218e+00
   2.2833068e+00
   2.2697029e+00
   2.2687300e+00
   2.3546779e+00
   2.3656656e+00
   2.3752565e+00
   2.4213636e+00
   2.4007028e+00
   2.3656474e+00
   2.3902912e+00
   2.3980239e+00
   2.3689055e+00
   2.3490375e+00
   2.3785029e+00
   2.4039423e+00
   2.3361639e+00
   2.3169829e+00
   2.2968728e+00
   2.3347896e+00
   1.8289648e+00
   2.0661409e+00
   2.3500492e+00
   2.6184615e+00
   2.8939378e+00
   3.2191566e+00
   3.3471093e+00
   3.4833622e+00
   3.4469598e+00
   3.4429579e+00
   3.3470391e+00
   3.1764934e+00
   3.1159131e+00
   2.8702363e+00
   2.7800421e+00
   2.7072543e+00
   2.6437144e+00
   2.4649963e+00
   2.4133922e+00
   2.4014996e+00
   2.5258868e+00
   2.5596844e+00
   2.7152295e+00
   2.9701274e+00
   3.3369738e+00
   3.6664986e+00
   4.0731607e+00
   4.3695346e+00
   4.8904601e+00
   4.9442800e+00
   4.9441081e+00
   3.7863392e+00
   3.2892663e+00
   2.8656806e+00
   2.6654830e+00
   2.5586965e+00
   2.4308684e+00
   2.3201849e+00
   2.3081018e+00
   2.2933260e+00
   2.3819358e+00
   2.3572792e+00
   2.3946798e+00
   2.3290639e+00
   2.3609959e+00
   2.3190957e+00
   2.4169071e+00
   2.4087365e+00
   2.4012483e+00
   2.3918346e+00
   2.3992297e+00
   2.3964876e+00
   2.4253413e+00
   2.3376345e+00
   2.3843164e+00
   2.3653435e+00
   2.4035307e+00
   2.3498355e+00
   2.3721233e+00
   2.3538385e+00
   1.9086598e+00
   1.9819857e+00
   2.2271462e+00
   2.4097157e+00
   2.6257063e+00
   2.9281406e+00
   3.1368646e+00
   3.3115730e+00
   3.3863215e+00
   3.3323783e+00
   3.3724374e+00
   3.2481235e+00
   3.1700094e+00
   3.0017022e+00
   2.8425245e+00
   2.7954073e+00
   2.7176874e+00
   2.5515729e+00
   2.4075912e+00
   2.3241554e+00
   2.3100771e+00
   2.3607410e+00
   2.4232877e+00
   2.5633557e+00
   2.9096870e+00
   3.2613890e+00
   3.6497375e+00
   3.9909688e+00
   4.4116279e+00
   4.7313228e+00
   4.8069880e+00
   4.2617338e+00
   3.5918143e+00
   3.2559991e+00
   2.9421370e+00
   2.8073504e+00
   2.6558803e+00
   2.4961423e+00
   2.3920847e+00
   2.3803506e+00
   2.3151721e+00
   2.3066242e+00
   2.2978734e+00
   2.2580114e+00
   2.2815183e+00
   2.3246595e+00
   2.3110530e+00
   2.3683790e+00
   2.3635559e+00
   2.4393162e+00
   2.4937343e+00
   2.4607822e+00
   2.4576478e+00
   2.3880963e+00
   2.4285692e+00
   2.3948643e+00
   2.4296029e+00
   2.3454346e+00
   2.3514867e+00
   2.3498910e+00
   2.0465851e+00
   2.0027349e+00
   2.1850365e+00
   2.2914040e+00
   2.5320005e+00
   2.6729768e+00
   2.9846938e+00
   3.0615116e+00
   3.2001657e+00
   3.2745244e+00
   3.2714615e+00
   3.2026466e+00
   3.2093195e+00
   3.1638284e+00
   2.9475967e+00
   2.9051144e+00
   2.8382052e+00
   2.6622955e+00
   2.6071081e+00
   2.3919007e+00
   2.3144468e+00
   2.2203481e+00
   2.2804610e+00
   2.3104453e+00
   2.4686819e+00
   2.7676846e+00
   3.2141080e+00
   3.6763733e+00
   4.0174521e+00
   4.3034433e+00
   4.5066054e+00
   4.2606028e+00
   3.8832111e+00
   3.5010401e+00
   3.2297512e+00
   2.9629767e+00
   2.8478938e+00
   2.6865296e+00
   2.5474113e+00
   2.4641882e+00
   2.4439705e+00
   2.3960692e+00
   2.3231803e+00
   2.2611589e+00
   2.3189348e+00
   2.2765621e+00
   2.3353492e+00
   2.3160117e+00
   2.3056662e+00
   2.3817095e+00
   2.4242288e+00
   2.5419849e+00
   2.5613123e+00
   2.4477780e+00
   2.4735700e+00
   2.4738277e+00
   2.4699536e+00
   2.4075372e+00
   2.4131123e+00
   2.3607931e+00
   2.0811925e+00
   2.0891254e+00
   2.1025317e+00
   2.2804246e+00
   2.4020863e+00
   2.5866919e+00
   2.7245714e+00
   2.8852469e+00
   3.0509914e+00
   3.0990842e+00
   3.1030694e+00
   3.0592926e+00
   3.0929375e+00
   3.1222676e+00
   3.0302995e+00
   2.8644949e+00
   2.9131072e+00
   2.7636494e+00
   2.6585634e+00
   2.5278534e+00
   2.3836674e+00
   2.2866356e+00
   2.1929440e+00
   2.2045173e+00
   2.2087248e+00
   2.3238872e+00
   2.6654931e+00
   3.1820056e+00
   3.6187827e+00
   3.8689012e+00
   4.1023960e+00
   4.0509653e+00
   3.8458883e+00
   3.6523884e+00
   3.3633683e+00
   3.1044534e+00
   2.9776012e+00
   2.8520912e+00
   2.7364481e+00
   2.6152843e+00
   2.4938672e+00
   2.4501111e+00
   2.4045888e+00
   2.3855200e+00
   2.2916200e+00
   2.3050022e+00
   2.3284762e+00
   2.3599397e+00
   2.3039142e+00
   2.3299750e+00
   2.3832256e+00
   2.4379075e+00
   2.5196173e+00
   2.5646886e+00
   2.4960451e+00
   2.4873649e+00
   2.5345856e+00
   2.5334707e+00
   2.4332322e+00
   2.4292570e+00
   2.1400079e+00
   2.0946414e+00
   2.2042839e+00
   2.2430062e+00
   2.4373881e+00
   2.5255603e+00
   2.7105687e+00
   2.8035623e+00
   2.8952122e+00
   2.9694243e+00
   2.9720167e+00
   3.0317975e+00
   2.9421266e+00
   3.0094224e+00
   3.1145580e+00
   2.9761736e+00
   2.8679991e+00
   2.8376316e+00
   2.7414563e+00
   2.6449207e+00
   2.4994461e+00
   2.3407385e+00
   2.3319646e+00
   2.2139718e+00
   2.1365612e+00
   2.1440665e+00
   2.2492862e+00
   2.7722693e+00
   3.2156250e+00
   3.4737446e+00
   3.7316350e+00
   3.8159677e+00
   3.6146666e+00
   3.5644033e+00
   3.3971787e+00
   3.1813605e+00
   3.0859818e+00
   2.8675728e+00
   2.8168283e+00
   2.6705388e+00
   2.6416366e+00
   2.5048963e+00
   2.4830077e+00
   2.4243855e+00
   2.4021894e+00
   2.3516309e+00
   2.3971310e+00
   2.3496131e+00
   2.3883223e+00
   2.3569283e+00
   2.4628035e+00
   2.4484172e+00
   2.5491436e+00
   2.5031942e+00
   2.5592349e+00
   2.5203509e+00
   2.5616975e+00
   2.5493290e+00
   2.5510470e+00
   2.4931761e+00
   2.1604431e+00
   2.1046957e+00
   2.2036831e+00
   2.2463118e+00
   2.3312184e+00
   2.4799860e+00
   2.5799634e+00
   2.7171032e+00
   2.7638320e+00
   2.9161839e+00
   2.9139017e+00
   2.9926228e+00
   2.9616396e+00
   2.8705717e+00
   2.9868737e+00
   2.9971426e+00
   2.9274038e+00
   2.8066446e+00
   2.7684796e+00
   2.7296954e+00
   2.6580807e+00
   2.5110075e+00
   2.3640626e+00
   2.2893609e+00
   2.2115064e+00
   2.1920641e+00
   2.1782934e+00
   2.4521135e+00
   2.8312030e+00
   3.1659060e+00
   3.3964704e+00
   3.5145720e+00
   3.4610104e+00
   3.3431956e+00
   3.3270453e+00
   3.2801222e+00
   3.1816025e+00
   2.9927665e+00
   2.8221233e+00
   2.7080829e+00
   2.6060560e+00
   2.5868469e+00
   2.4895061e+00
   2.4509356e+00
   2.4173756e+00
   2.3507062e+00
   2.3278989e+00
   2.3520931e+00
   2.3588354e+00
   2.3701642e+00
   2.4225498e+00
   2.4741187e+00
   2.4939165e+00
   2.5014977e+00
   2.4685381e+00
   2.5072458e+00
   2.5551564e+00
   2.5423504e+00
   2.5341090e+00
   2.4716950e+00
   2.2472635e+00
   2.1311329e+00
   2.2266484e+00
   2.2516712e+00
   2.3379778e+00
   2.4088620e+00
   2.5942831e+00
   2.5768306e+00
   2.6931872e+00
   2.7221673e+00
   2.8367117e+00
   2.8812369e+00
   2.9171650e+00
   2.9085118e+00
   2.9250881e+00
   2.9182134e+00
   2.8689869e+00
   2.8327679e+00
   2.8522970e+00
   2.7997970e+00
   2.7596919e+00
   2.6559939e+00
   2.5216008e+00
   2.4363569e+00
   2.3181555e+00
   2.2520604e+00
   2.2064226e+00
   2.3090637e+00
   2.6526760e+00
   2.8136987e+00
   3.0555108e+00
   3.1846912e+00
   3.2838345e+00
   3.2420787e+00
   3.1620582e+00
   3.1338557e+00
   3.1622756e+00
   2.9892253e+00
   2.9168532e+00
   2.7815891e+00
   2.7498896e+00
   2.6476442e+00
   2.6147838e+00
   2.5388435e+00
   2.4964218e+00
   2.4162753e+00
   2.3746532e+00
   2.2760566e+00
   2.3013578e+00
   2.3233173e+00
   2.4328852e+00
   2.4401225e+00
   2.4172380e+00
   2.4053184e+00
   2.4570222e+00
   2.4632694e+00
   2.5142254e+00
   2.4964685e+00
   2.4969958e+00
   2.4947810e+00
   2.2608895e+00
   2.1763459e+00
   2.2009847e+00
   2.2445319e+00
   2.3062209e+00
   2.3815420e+00
   2.4632512e+00
   2.5989991e+00
   2.6574671e+00
   2.7268876e+00
   2.7315334e+00
   2.8479670e+00
   2.9094772e+00
   2.9468043e+00
   2.9773159e+00
   2.9705784e+00
   2.8671990e+00
   2.8901750e+00
   2.8588792e+00
   2.8912724e+00
   2.8481614e+00
   2.7546939e+00
   2.6537782e+00
   2.5213531e+00
   2.3751326e+00
   2.2527118e+00
   2.2531427e+00
   2.3476072e+00
   2.5427489e+00
   2.6724103e+00
   2.9077839e+00
   2.9316585e+00
   3.0241727e+00
   3.0878142e+00
   3.0338729e+00
   2.9574545e+00
   3.0444302e+00
   2.9683287e+00
   2.9502769e+00
   2.8152709e+00
   2.7373534e+00
   2.7103066e+00
   2.6873505e+00
   2.5732189e+00
   2.4797304e+00
   2.4360932e+00
   2.3431096e+00
   2.2767883e+00
   2.2706550e+00
   2.2781947e+00
   2.3575064e+00
   2.3616096e+00
   2.3963017e+00
   2.3594683e+00
   2.3444575e+00
   2.4322168e+00
   2.4637899e+00
   2.4720795e+00
   2.4775189e+00
   2.4662363e+00
   2.2886970e+00
   2.1985252e+00
   2.2328270e+00
   2.2287749e+00
   2.3485524e+00
   2.3347529e+00
   2.4918564e+00
   2.5232139e+00
   2.6663033e+00
   2.7336249e+00
   2.7460197e+00
   2.7518128e+00
   2.8484297e+00
   2.9041385e+00
   2.9518486e+00
   2.9633741e+00
   2.9048427e+00
   2.9117135e+00
   2.8940674e+00
   2.9144819e+00
   2.9446290e+00
   2.8517484e+00
   2.7406920e+00
   2.6588486e+00
   2.5462816e+00
   2.3414932e+00
   2.2849222e+00
   2.3600102e+00
   2.5531225e+00
   2.5861747e+00
   2.7689652e+00
   2.8231219e+00
   2.9113906e+00
   2.9819561e+00
   3.0289050e+00
   2.8929629e+00
   2.9339984e+00
   2.9191358e+00
   2.8385674e+00
   2.8629862e+00
   2.7621841e+00
   2.7265856e+00
   2.6497169e+00
   2.6608493e+00
   2.5548021e+00
   2.4443465e+00
   2.3963381e+00
   2.3301845e+00
   2.2544603e+00
   2.2230172e+00
   2.2945559e+00
   2.3203410e+00
   2.3899843e+00
   2.3373197e+00
   2.3383748e+00
   2.2778203e+00
   2.4395511e+00
   2.3953311e+00
   2.4524887e+00
   2.5006928e+00
   2.2235818e+00
   2.1812753e+00
   2.2034226e+00
   2.2304719e+00
   2.2583843e+00
   2.3604772e+00
   2.4704575e+00
   2.5346103e+00
   2.5221843e+00
   2.6795617e+00
   2.7295995e+00
   2.6860157e+00
   2.7841286e+00
   2.9292961e+00
   2.9642651e+00
   2.9148155e+00
   2.9808820e+00
   2.9395637e+00
   2.9593879e+00
   2.9681894e+00
   2.9319221e+00
   2.9264685e+00
   2.7856708e+00
   2.6992117e+00
   2.6128365e+00
   2.4771605e+00
   2.3373758e+00
   2.3296076e+00
   2.4325948e+00
   2.5348110e+00
   2.6504171e+00
   2.7136391e+00
   2.8037336e+00
   2.8549762e+00
   2.8578277e+00
   2.8682366e+00
   2.8271285e+00
   2.8255869e+00
   2.8087017e+00
   2.8126951e+00
   2.8070974e+00
   2.7581801e+00
   2.6666932e+00
   2.6658755e+00
   2.6092702e+00
   2.5291899e+00
   2.4298731e+00
   2.3522063e+00
   2.2815580e+00
   2.2493902e+00
   2.2294732e+00
   2.3173844e+00
   2.3314752e+00
   2.3207565e+00
   2.3334226e+00
   2.2397528e+00
   2.2713921e+00
   2.2502469e+00
   2.3485684e+00
   2.4543721e+00
   2.2367352e+00
   2.1426444e+00
   2.1928403e+00
   2.1401579e+00
   2.2552692e+00
   2.2863464e+00
   2.4533504e+00
   2.4371515e+00
   2.5219125e+00
   2.5319848e+00
   2.6748278e+00
   2.6492220e+00
   2.8030005e+00
   2.8322320e+00
   2.9735369e+00
   2.9542623e+00
   3.0053504e+00
   2.9907814e+00
   2.9507305e+00
   3.0308844e+00
   2.9959616e+00
   2.9246502e+00
   2.9210597e+00
   2.7579770e+00
   2.6815006e+00
   2.5636399e+00
   2.5337320e+00
   2.3354317e+00
   2.4089137e+00
   2.4334304e+00
   2.5395299e+00
   2.6043377e+00
   2.6739396e+00
   2.7928223e+00
   2.8608300e+00
   2.8279242e+00
   2.7905617e+00
   2.7903066e+00
   2.7842660e+00
   2.8379307e+00
   2.8124992e+00
   2.8330508e+00
   2.7854393e+00
   2.7332656e+00
   2.6816967e+00
   2.5698029e+00
   2.4420811e+00
   2.3877923e+00
   2.3312657e+00
   2.2540899e+00
   2.3124549e+00
   2.2556816e+00
   2.3459554e+00
   2.3170356e+00
   2.3336616e+00
   2.2477316e+00
   2.2572290e+00
   2.2317646e+00
   2.3496796e+00
   2.3201507e+00
   2.1552416e+00
   2.1242701e+00
   2.1492501e+00
   2.1641863e+00
   2.2009963e+00
   2.2411200e+00
   2.3242573e+00
   2.3755215e+00
   2.3992214e+00
   2.5258992e+00
   2.5435834e+00
   2.6007532e+00
   2.6904527e+00
   2.7978469e+00
   2.8300353e+00
   2.9069230e+00
   2.9914424e+00
   3.0364463e+00
   3.0148495e+00
   2.9968586e+00
   3.0503997e+00
   3.0107645e+00
   2.9506187e+00
   2.8936444e+00
   2.7494076e+00
   2.6733943e+00
   2.5284880e+00
   2.4214538e+00
   2.4518609e+00
   2.3830349e+00
   2.4393864e+00
   2.4935965e+00
   2.5504689e+00
   2.6820814e+00
   2.7731385e+00
   2.7738349e+00
   2.8122481e+00
   2.7546481e+00
   2.7884711e+00
   2.7326870e+00
   2.7827613e+00
   2.8784258e+00
   2.8076944e+00
   2.7150422e+00
   2.7145517e+00
   2.6698417e+00
   2.5449469e+00
   2.4529306e+00
   2.3592973e+00
   2.3488705e+00
   2.3459392e+00
   2.3306598e+00
   2.2892068e+00
   2.3047090e+00
   2.2685537e+00
   2.2476680e+00
   2.2746478e+00
   2.2503925e+00
   2.2772052e+00
   2.3266733e+00
   2.1671449e+00
   2.1228169e+00
   2.1314643e+00
   2.1844103e+00
   2.2244075e+00
   2.2088756e+00
   2.3145419e+00
   2.3773329e+00
   2.4150852e+00
   2.4441198e+00
   2.4923532e+00
   2.4977206e+00
   2.6381987e+00
   2.6776696e+00
   2.7821241e+00
   2.7932373e+00
   2.8734939e+00
   2.9965628e+00
   3.0962608e+00
   3.0788202e+00
   3.0238900e+00
   3.0917919e+00
   3.0423554e+00
   3.0332664e+00
   2.8958156e+00
   2.7534336e+00
   2.6294087e+00
   2.4865413e+00
   2.4778694e+00
   2.3603245e+00
   2.3504203e+00
   2.4018502e+00
   2.5488292e+00
   2.5830357e+00
   2.7080209e+00
   2.7802259e+00
   2.7981748e+00
   2.7527770e+00
   2.7855307e+00
   2.7935026e+00
   2.7468167e+00
   2.7740074e+00
   2.8140490e+00
   2.7362264e+00
   2.7366726e+00
   2.6793471e+00
   2.6936972e+00
   2.5512503e+00
   2.5113922e+00
   2.4640770e+00
   2.4307606e+00
   2.3798176e+00
   2.3602818e+00
   2.2969398e+00
   2.2797289e+00
   2.2574170e+00
   2.2905517e+00
   2.2272214e+00
   2.2429418e+00
   2.2726145e+00
   2.1895521e+00
   2.1298709e+00
   2.0772671e+00
   2.0849509e+00
   2.1485442e+00
   2.1620673e+00
   2.2151090e+00
   2.2643664e+00
   2.3189749e+00
   2.3530661e+00
   2.3875123e+00
   2.4741437e+00
   2.4979570e+00
   2.5443804e+00
   2.5709600e+00
   2.7415496e+00
   2.8424982e+00
   2.9256268e+00
   2.9761897e+00
   3.1087498e+00
   3.1063647e+00
   3.1062248e+00
   3.1154764e+00
   3.1139869e+00
   3.0435727e+00
   2.9025358e+00
   2.7833886e+00
   2.5440884e+00
   2.4229876e+00
   2.3420783e+00
   2.2767151e+00
   2.2834916e+00
   2.3143537e+00
   2.4137774e+00
   2.5503260e+00
   2.6756187e+00
   2.6816251e+00
   2.7148288e+00
   2.7849471e+00
   2.7594261e+00
   2.7831897e+00
   2.8051334e+00
   2.8545990e+00
   2.7905018e+00
   2.6840156e+00
   2.7216825e+00
   2.6503006e+00
   2.6010256e+00
   2.4642982e+00
   2.4925041e+00
   2.4188335e+00
   2.3999681e+00
   2.3493463e+00
   2.3328264e+00
   2.2804301e+00
   2.2139450e+00
   2.2003788e+00
   2.1686430e+00
   2.1386899e+00
   2.2168106e+00
   2.2266101e+00
   2.1616703e+00
   2.0919367e+00
   2.1005754e+00
   2.1366710e+00
   2.1092400e+00
   2.1710571e+00
   2.2189291e+00
   2.2876687e+00
   2.3366805e+00
   2.3690147e+00
   2.3916012e+00
   2.4427458e+00
   2.5092520e+00
   2.5635685e+00
   2.5700397e+00
   2.7210370e+00
   2.8043502e+00
   2.9573761e+00
   3.0651320e+00
   3.1898722e+00
   3.2044466e+00
   3.2301773e+00
   3.1802933e+00
   3.1615075e+00
   3.0798664e+00
   2.9445986e+00
   2.7018188e+00
   2.5245490e+00
   2.3433245e+00
   2.2698237e+00
   2.1653560e+00
   2.2275507e+00
   2.3306480e+00
   2.4694403e+00
   2.4998187e+00
   2.6133821e+00
   2.6375922e+00
   2.6774176e+00
   2.7147536e+00
   2.7543719e+00
   2.7203858e+00
   2.8317969e+00
   2.8490041e+00
   2.7546522e+00
   2.7315099e+00
   2.6795792e+00
   2.5702768e+00
   2.5490972e+00
   2.4736262e+00
   2.4827928e+00
   2.4346625e+00
   2.4534987e+00
   2.3298312e+00
   2.3356404e+00
   2.2487442e+00
   2.2415526e+00
   2.1441725e+00
   2.1444022e+00
   2.1211093e+00
   2.2753795e+00
   2.1796591e+00
   2.1566029e+00
   2.1356204e+00
   2.1168747e+00
   2.0959647e+00
   2.1078782e+00
   2.2251145e+00
   2.2186135e+00
   2.2319518e+00
   2.3252819e+00
   2.3353676e+00
   2.3619207e+00
   2.4110176e+00
   2.4330283e+00
   2.4968321e+00
   2.5587213e+00
   2.6983987e+00
   2.8502971e+00
   3.0079420e+00
   3.1081127e+00
   3.2068617e+00
   3.3363428e+00
   3.3201154e+00
   3.2702778e+00
   3.2610037e+00
   3.1798441e+00
   2.9047005e+00
   2.6676543e+00
   2.4011679e+00
   2.2818304e+00
   2.1012211e+00
   2.1142910e+00
   2.1725514e+00
   2.2522337e+00
   2.4206077e+00
   2.4888078e+00
   2.5845519e+00
   2.5917694e+00
   2.6443111e+00
   2.6654812e+00
   2.6805698e+00
   2.7411196e+00
   2.7623332e+00
   2.7283337e+00
   2.6865476e+00
   2.6789547e+00
   2.5923831e+00
   2.5771878e+00
   2.5235539e+00
   2.4363112e+00
   2.4607022e+00
   2.4053495e+00
   2.3868077e+00
   2.2442022e+00
   2.2461291e+00
   2.1987984e+00
   2.1454657e+00
   2.1065355e+00
   2.0779051e+00
   2.3389586e+00
   2.2657705e+00
   2.2141950e+00
   2.1944014e+00
   2.1547271e+00
   2.0527786e+00
   2.0926639e+00
   2.1903803e+00
   2.2235946e+00
   2.1551500e+00
   2.2387010e+00
   2.2913304e+00
   2.3639127e+00
   2.3386494e+00
   2.4098654e+00
   2.3787475e+00
   2.4927475e+00
   2.6232514e+00
   2.7691181e+00
   2.8225968e+00
   3.0462437e+00
   3.2016787e+00
   3.3056049e+00
   3.4583393e+00
   3.4767448e+00
   3.4418249e+00
   3.4744609e+00
   3.2447872e+00
   2.9751733e+00
   2.6577141e+00
   2.4180696e+00
   2.1292745e+00
   2.0679454e+00
   2.1013930e+00
   2.1609279e+00
   2.2509427e+00
   2.3825442e+00
   2.4578556e+00
   2.5321161e+00
   2.6111557e+00
   2.6434692e+00
   2.6478240e+00
   2.6912893e+00
   2.7106757e+00
   2.6904002e+00
   2.6386633e+00
   2.6790942e+00
   2.6579810e+00
   2.5989993e+00
   2.5818499e+00
   2.5152218e+00
   2.4416874e+00
   2.4216777e+00
   2.3342821e+00
   2.3521153e+00
   2.2811191e+00
   2.1706131e+00
   2.1050389e+00
   2.0746673e+00
   2.0827096e+00
   2.3512467e+00
   2.3099030e+00
   2.2483189e+00
   2.2224312e+00
   2.2068864e+00
   2.0957546e+00
   2.0823313e+00
   2.1380445e+00
   2.1787992e+00
   2.1716742e+00
   2.1799643e+00
   2.2515416e+00
   2.2426005e+00
   2.2644804e+00
   2.2703801e+00
   2.3349899e+00
   2.3892195e+00
   2.5522205e+00
   2.6194642e+00
   2.7568279e+00
   2.8286581e+00
   3.0191130e+00
   3.2431888e+00
   3.4228312e+00
   3.5825061e+00
   3.6361528e+00
   3.7283119e+00
   3.6311161e+00
   3.3247350e+00
   2.9777680e+00
   2.6615043e+00
   2.3782490e+00
   2.1181525e+00
   2.0803802e+00
   2.1224502e+00
   2.1671448e+00
   2.2777009e+00
   2.3817780e+00
   2.4004688e+00
   2.5053576e+00
   2.6406833e+00
   2.7071737e+00
   2.6748793e+00
   2.6447126e+00
   2.6522430e+00
   2.6311173e+00
   2.6545211e+00
   2.6611323e+00
   2.6393677e+00
   2.6018587e+00
   2.5581670e+00
   2.4338175e+00
   2.4461413e+00
   2.4253029e+00
   2.3472721e+00
   2.3164162e+00
   2.2346308e+00
   2.1132585e+00
   2.0474876e+00
   2.0388225e+00
   2.3244296e+00
   2.3079723e+00
   2.2937215e+00
   2.2752391e+00
   2.2412228e+00
   2.1708525e+00
   2.1604420e+00
   2.1395935e+00
   2.1825210e+00
   2.1634028e+00
   2.2229312e+00
   2.1777739e+00
   2.2225390e+00
   2.2217465e+00
   2.2223922e+00
   2.2491169e+00
   2.3458273e+00
   2.3465422e+00
   2.5321978e+00
   2.5957764e+00
   2.7959250e+00
   2.8315892e+00
   3.0778696e+00
   3.2433379e+00
   3.4928173e+00
   3.7095633e+00
   3.8501411e+00
   3.8480411e+00
   3.7457689e+00
   3.3290038e+00
   2.9587175e+00
   2.6479893e+00
   2.3979640e+00
   2.2533384e+00
   2.2068545e+00
   2.1831950e+00
   2.2293636e+00
   2.3718527e+00
   2.4318869e+00
   2.4394607e+00
   2.5847789e+00
   2.6354488e+00
   2.7061769e+00
   2.7034802e+00
   2.7091035e+00
   2.6943210e+00
   2.7103192e+00
   2.7202628e+00
   2.6727154e+00
   2.7059306e+00
   2.5922748e+00
   2.4764336e+00
   2.4899815e+00
   2.4516616e+00
   2.4087376e+00
   2.3354864e+00
   2.2807004e+00
   2.2086910e+00
   2.1234353e+00
   2.0642170e+00
   2.3352027e+00
   2.3361801e+00
   2.2779547e+00
   2.2762834e+00
   2.2879267e+00
   2.2342131e+00
   2.1970828e+00
   2.1937200e+00
   2.1658204e+00
   2.1980557e+00
   2.2357007e+00
   2.2033037e+00
   2.1707679e+00
   2.1881826e+00
   2.1409821e+00
   2.1402136e+00
   2.1144336e+00
   2.2063749e+00
   2.2984757e+00
   2.4708702e+00
   2.4932477e+00
   2.6558476e+00
   2.8100072e+00
   3.0909503e+00
   3.3324256e+00
   3.4916603e+00
   3.8068443e+00
   3.9671088e+00
   4.0185460e+00
   3.8380592e+00
   3.3192970e+00
   2.9471804e+00
   2.6589607e+00
   2.4586414e+00
   2.3633548e+00
   2.3297586e+00
   2.2692514e+00
   2.3193049e+00
   2.3648919e+00
   2.3756781e+00
   2.4348061e+00
   2.5825591e+00
   2.6663740e+00
   2.7209643e+00
   2.6796172e+00
   2.7039687e+00
   2.7543767e+00
   2.7747401e+00
   2.7236531e+00
   2.6980519e+00
   2.6629220e+00
   2.5664456e+00
   2.4947331e+00
   2.4615436e+00
   2.4070690e+00
   2.3968065e+00
   2.2873609e+00
   2.2297479e+00
   2.1688603e+00
   2.1292361e+00
   2.3664091e+00
   2.3147037e+00
   2.2848338e+00
   2.2568459e+00
   2.2969684e+00
   2.2570066e+00
   2.2585184e+00
   2.2381918e+00
   2.2609570e+00
   2.1950360e+00
   2.2449136e+00
   2.2014051e+00
   2.2563593e+00
   2.1892139e+00
   2.1760821e+00
   2.0785763e+00
   2.1005614e+00
   2.1212654e+00
   2.1587701e+00
   2.1849545e+00
   2.2994903e+00
   2.4163280e+00
   2.5878427e+00
   2.7309689e+00
   3.0565963e+00
   3.2812481e+00
   3.5147551e+00
   3.7974955e+00
   4.0748594e+00
   3.9944300e+00
   4.0934426e+00
   3.4187534e+00
   2.9519804e+00
   2.7441600e+00
   2.5986156e+00
   2.4406570e+00
   2.4101118e+00
   2.4032311e+00
   2.3895187e+00
   2.3766625e+00
   2.4110534e+00
   2.4576702e+00
   2.5957740e+00
   2.6644339e+00
   2.6939919e+00
   2.6803054e+00
   2.7747597e+00
   2.7883217e+00
   2.7806703e+00
   2.7228915e+00
   2.7315712e+00
   2.6230837e+00
   2.5536859e+00
   2.5339790e+00
   2.4610476e+00
   2.3577377e+00
   2.3439370e+00
   2.2463302e+00
   2.2397833e+00
   2.2005363e+00
   2.3520294e+00
   2.3057532e+00
   2.2785336e+00
   2.2847925e+00
   2.2489883e+00
   2.2356421e+00
   2.2387182e+00
   2.2722170e+00
   2.2545064e+00
   2.2235794e+00
   2.2233664e+00
   2.2837638e+00
   2.2671373e+00
   2.2024323e+00
   2.1329275e+00
   2.1201181e+00
   2.0751330e+00
   2.0896754e+00
   2.0389653e+00
   2.0486713e+00
   2.1145834e+00
   2.1522535e+00
   2.2833623e+00
   2.4284871e+00
   2.6641537e+00
   2.9348321e+00
   3.2241646e+00
   3.4996170e+00
   3.7460023e+00
   3.9324325e+00
   4.0448520e+00
   3.7209711e+00
   3.3142297e+00
   3.0184786e+00
   2.7847964e+00
   2.6105603e+00
   2.4978149e+00
   2.4888152e+00
   2.4246568e+00
   2.4147595e+00
   2.4554850e+00
   2.4793826e+00
   2.4737130e+00
   2.5732368e+00
   2.6587729e+00
   2.6635156e+00
   2.7504123e+00
   2.7630998e+00
   2.7694326e+00
   2.7445981e+00
   2.6819574e+00
   2.6748977e+00
   2.5969311e+00
   2.5179561e+00
   2.4628794e+00
   2.3663711e+00
   2.3393226e+00
   2.2521305e+00
   2.2048301e+00
   2.2384414e+00
   2.3301599e+00
   2.2800174e+00
   2.3208789e+00
   2.3024395e+00
   2.3818970e+00
   2.3364189e+00
   2.2480964e+00
   2.2154243e+00
   2.2433568e+00
   2.2273466e+00
   2.2476246e+00
   2.2137160e+00
   2.2571498e+00
   2.2120834e+00
   2.2071583e+00
   2.1192281e+00
   2.1518724e+00
   2.1096846e+00
   2.0481054e+00
   1.9787156e+00
   2.0418252e+00
   2.0283104e+00
   2.1033920e+00
   2.1650112e+00
   2.2786454e+00
   2.5205125e+00
   2.8954656e+00
   3.2446465e+00
   3.5356681e+00
   3.7965153e+00
   3.9572848e+00
   3.7277803e+00
   3.5666958e+00
   3.3252729e+00
   3.0516970e+00
   2.7950337e+00
   2.6994823e+00
   2.5581532e+00
   2.5148990e+00
   2.5255330e+00
   2.5365446e+00
   2.5243197e+00
   2.5331974e+00
   2.5767443e+00
   2.6864633e+00
   2.6908880e+00
   2.7873063e+00
   2.7999809e+00
   2.8570465e+00
   2.8519978e+00
   2.7551541e+00
   2.7763099e+00
   2.7077851e+00
   2.5595370e+00
   2.5114823e+00
   2.3628079e+00
   2.3154107e+00
   2.1809160e+00
   2.1652483e+00
   2.1676852e+00
   2.3770568e+00
   2.3494140e+00
   2.3086710e+00
   2.2912470e+00
   2.3060945e+00
   2.3248466e+00
   2.2652958e+00
   2.2268597e+00
   2.1830208e+00
   2.2265023e+00
   2.2044317e+00
   2.2269006e+00
   2.2203749e+00
   2.2091366e+00
   2.1746887e+00
   2.1369294e+00
   2.1649563e+00
   2.1175954e+00
   2.0467289e+00
   2.0458674e+00
   1.9676214e+00
   1.9689133e+00
   1.9317766e+00
   1.9728437e+00
   2.0409736e+00
   2.1287215e+00
   2.5424015e+00
   2.9209624e+00
   3.2661141e+00
   3.5817832e+00
   3.8276927e+00
   3.7739873e+00
   3.5637188e+00
   3.4836917e+00
   3.2055731e+00
   2.9957324e+00
   2.7867141e+00
   2.7001956e+00
   2.6015538e+00
   2.5378754e+00
   2.5490272e+00
   2.4972837e+00
   2.5647863e+00
   2.5928112e+00
   2.7060592e+00
   2.7673540e+00
   2.7873959e+00
   2.8544932e+00
   2.9379088e+00
   2.9799123e+00
   2.9354532e+00
   2.8759584e+00
   2.8024353e+00
   2.7348880e+00
   2.5907190e+00
   2.4125794e+00
   2.2199823e+00
   2.1351416e+00
   2.1107706e+00
   2.1059266e+00
   2.4220105e+00
   2.4066633e+00
   2.3775871e+00
   2.3608946e+00
   2.3003859e+00
   2.2636147e+00
   2.3226462e+00
   2.2221699e+00
   2.1886741e+00
   2.1721893e+00
   2.2621950e+00
   2.2184827e+00
   2.2622526e+00
   2.1950611e+00
   2.1893124e+00
   2.1047992e+00
   2.1490102e+00
   2.1036773e+00
   2.1292603e+00
   2.0547884e+00
   2.0891049e+00
   1.9775173e+00
   1.9617064e+00
   1.9219327e+00
   1.9351910e+00
   1.9883156e+00
   2.0515771e+00
   2.5348225e+00
   2.9961602e+00
   3.2986242e+00
   3.6013405e+00
   3.6409884e+00
   3.5140912e+00
   3.5136296e+00
   3.3339243e+00
   3.1079753e+00
   2.9546238e+00
   2.8209752e+00
   2.7464763e+00
   2.5927976e+00
   2.6381151e+00
   2.5743779e+00
   2.5460203e+00
   2.6157035e+00
   2.7187721e+00
   2.8055293e+00
   2.8375240e+00
   2.9201423e+00
   2.9948371e+00
   3.0443969e+00
   3.1178649e+00
   3.0539147e+00
   3.0014122e+00
   2.8370244e+00
   2.7448142e+00
   2.5181579e+00
   2.4139273e+00
   2.1569601e+00
   2.1036609e+00
   2.0448176e+00
   2.4342043e+00
   2.4658981e+00
   2.3940111e+00
   2.4099097e+00
   2.3357891e+00
   2.3383666e+00
   2.2607740e+00
   2.2334177e+00
   2.1921045e+00
   2.1728304e+00
   2.2129370e+00
   2.2445047e+00
   2.2041209e+00
   2.1893816e+00
   2.1743970e+00
   2.1369139e+00
   2.1724523e+00
   2.2082989e+00
   2.1679075e+00
   2.1004016e+00
   2.0627312e+00
   2.0269968e+00
   1.9970668e+00
   1.9827539e+00
   1.9400719e+00
   1.9493886e+00
   1.9709070e+00
   2.2769434e+00
   2.6702031e+00
   2.9973416e+00
   3.2849622e+00
   3.4404076e+00
   3.4372902e+00
   3.4016119e+00
   3.3522003e+00
   3.2344597e+00
   3.0516538e+00
   2.9204752e+00
   2.8148774e+00
   2.6604397e+00
   2.6449744e+00
   2.5911439e+00
   2.5700513e+00
   2.5740793e+00
   2.6476527e+00
   2.7777186e+00
   2.8502212e+00
   2.9704743e+00
   3.0159640e+00
   3.1299198e+00
   3.1811266e+00
   3.1625062e+00
   3.1392361e+00
   3.0683415e+00
   2.8345320e+00
   2.6187794e+00
   2.4103499e+00
   2.1961364e+00
   2.0701354e+00
   2.0409546e+00
   2.4969668e+00
   2.4460689e+00
   2.4617351e+00
   2.4397337e+00
   2.4120451e+00
   2.3449788e+00
   2.2915675e+00
   2.2403516e+00
   2.2418522e+00
   2.1814731e+00
   2.1923296e+00
   2.2045371e+00
   2.2156551e+00
   2.1552026e+00
   2.1964739e+00
   2.1230640e+00
   2.1761674e+00
   2.1562985e+00
   2.2229527e+00
   2.1690440e+00
   2.1277251e+00
   2.0831189e+00
   2.0784529e+00
   1.9586437e+00
   1.9735648e+00
   1.9589681e+00
   2.0118037e+00
   2.2077732e+00
   2.4525326e+00
   2.7748914e+00
   3.0446584e+00
   3.2121130e+00
   3.2676147e+00
   3.3249870e+00
   3.2878805e+00
   3.2279463e+00
   3.0948855e+00
   2.9979916e+00
   2.8555419e+00
   2.6518819e+00
   2.6761089e+00
   2.6623700e+00
   2.5896057e+00
   2.5764197e+00
   2.6833053e+00
   2.7336509e+00
   2.8708369e+00
   2.9097567e+00
   3.0493860e+00
   3.1282605e+00
   3.2451555e+00
   3.2449850e+00
   3.3590619e+00
   3.2409231e+00
   3.1461003e+00
   2.8075169e+00
   2.6040620e+00
   2.2676607e+00
   2.0654497e+00
   2.0308894e+00
   2.5066153e+00
   2.5000728e+00
   2.4772753e+00
   2.4514377e+00
   2.4242488e+00
   2.3965989e+00
   2.3223326e+00
   2.2986942e+00
   2.2198587e+00
   2.1854754e+00
   2.2247373e+00
   2.2156017e+00
   2.1682149e+00
   2.1139248e+00
   2.1484916e+00
   2.1549211e+00
   2.1811994e+00
   2.1897360e+00
   2.1966286e+00
   2.1898025e+00
   2.1356589e+00
   2.1682863e+00
   2.1200204e+00
   2.0542421e+00
   1.9740863e+00
   1.9794176e+00
   2.0296033e+00
   2.1589520e+00
   2.3568383e+00
   2.5633283e+00
   2.8335072e+00
   2.9863137e+00
   3.0413850e+00
   3.1520995e+00
   3.2201797e+00
   3.1846653e+00
   3.1767695e+00
   3.0531653e+00
   2.9368509e+00
   2.7816639e+00
   2.6264715e+00
   2.6367123e+00
   2.5803835e+00
   2.5474321e+00
   2.5584302e+00
   2.6482912e+00
   2.6931314e+00
   2.8969069e+00
   3.0210915e+00
   3.0856903e+00
   3.2127071e+00
   3.3278664e+00
   3.4286255e+00
   3.4773400e+00
   3.3609562e+00
   3.1189583e+00
   2.8026907e+00
   2.4954214e+00
   2.2161109e+00
   2.0989634e+00
   2.5297699e+00
   2.5020231e+00
   2.5129935e+00
   2.4667633e+00
   2.5036247e+00
   2.4609969e+00
   2.4127639e+00
   2.3265509e+00
   2.2735815e+00
   2.2430188e+00
   2.2056075e+00
   2.2049361e+00
   2.2414934e+00
   2.1500358e+00
   2.1383822e+00
   2.1700839e+00
   2.1965941e+00
   2.1906355e+00
   2.2286010e+00
   2.1990989e+00
   2.2177643e+00
   2.1846893e+00
   2.1922373e+00
   2.1024896e+00
   2.1253650e+00
   2.0124629e+00
   2.0828558e+00
   2.1644864e+00
   2.3854066e+00
   2.4727487e+00
   2.7014014e+00
   2.8272882e+00
   2.9725787e+00
   3.0332983e+00
   3.1338739e+00
   3.1805664e+00
   3.1477388e+00
   3.0685300e+00
   3.0220126e+00
   2.8224798e+00
   2.6884115e+00
   2.5608967e+00
   2.5702302e+00
   2.4956325e+00
   2.5037470e+00
   2.5570863e+00
   2.6680694e+00
   2.7602314e+00
   2.9340087e+00
   3.0770002e+00
   3.2663855e+00
   3.3217655e+00
   3.4405064e+00
   3.6776569e+00
   3.6632874e+00
   3.4190791e+00
   3.1604185e+00
   2.7135234e+00
   2.3782661e+00
   2.2357518e+00
   2.4619804e+00
   2.5501290e+00
   2.5067380e+00
   2.4961763e+00
   2.5392435e+00
   2.5089912e+00
   2.4683497e+00
   2.3740149e+00
   2.3307624e+00
   2.2906103e+00
   2.2876895e+00
   2.1730322e+00
   2.1654399e+00
   2.1855159e+00
   2.1496869e+00
   2.0655445e+00
   2.1593495e+00
   2.2271042e+00
   2.1623828e+00
   2.1824294e+00
   2.1527783e+00
   2.1222419e+00
   2.1596120e+00
   2.1829707e+00
   2.1214147e+00
   2.0550851e+00
   2.0896199e+00
   2.1684352e+00
   2.3124878e+00
   2.4367218e+00
   2.5676071e+00
   2.7092607e+00
   2.7534722e+00
   2.9204741e+00
   3.0294173e+00
   3.0888534e+00
   3.1215023e+00
   3.0139293e+00
   2.9494786e+00
   2.8321090e+00
   2.6838346e+00
   2.5944324e+00
   2.4644351e+00
   2.5027711e+00
   2.4363528e+00
   2.5072282e+00
   2.5467020e+00
   2.6538227e+00
   2.8214012e+00
   3.0360999e+00
   3.1777820e+00
   3.3827000e+00
   3.5430815e+00
   3.7860139e+00
   3.9551616e+00
   3.7119285e+00
   3.4461162e+00
   3.0831505e+00
   2.6659236e+00
   2.3858150e+00
   2.4628785e+00
   2.4961252e+00
   2.5315238e+00
   2.4922894e+00
   2.5242328e+00
   2.5067782e+00
   2.5341321e+00
   2.4509297e+00
   2.4347962e+00
   2.3884804e+00
   2.3207435e+00
   2.2789424e+00
   2.2040638e+00
   2.1441447e+00
   2.2028558e+00
   2.1228160e+00
   2.1178624e+00
   2.1204049e+00
   2.2025045e+00
   2.1703075e+00
   2.1661892e+00
   2.1392033e+00
   2.1917891e+00
   2.1592312e+00
   2.1325531e+00
   2.1075229e+00
   2.1034741e+00
   2.0997521e+00
   2.2923787e+00
   2.3265564e+00
   2.5180133e+00
   2.5875791e+00
   2.6681485e+00
   2.7984945e+00
   2.8799257e+00
   2.9867064e+00
   3.1139258e+00
   3.0286091e+00
   2.9886538e+00
   2.8730265e+00
   2.7509952e+00
   2.5989416e+00
   2.4957340e+00
   2.4216840e+00
   2.4069450e+00
   2.3933031e+00
   2.3941787e+00
   2.4727144e+00
   2.6548701e+00
   2.8280512e+00
   3.0666283e+00
   3.3010530e+00
   3.5121518e+00
   3.8349835e+00
   4.3240300e+00
   4.1216681e+00
   3.8337901e+00
   3.4909814e+00
   3.1045349e+00
   2.6368528e+00
   2.4890493e+00
   2.5014740e+00
   2.5478611e+00
   2.4944174e+00
   2.4916910e+00
   2.5347448e+00
   2.5069339e+00
   2.4982050e+00
   2.4139198e+00
   2.4447095e+00
   2.4338356e+00
   2.3335964e+00
   2.2846669e+00
   2.2260891e+00
   2.2172762e+00
   2.1500305e+00
   2.1049459e+00
   2.1620774e+00
   2.2007762e+00
   2.1520490e+00
   2.1483642e+00
   2.1780571e+00
   2.2107022e+00
   2.2061642e+00
   2.1398497e+00
   2.1657017e+00
   2.0933967e+00
   2.1396051e+00
   2.2653562e+00
   2.3100198e+00
   2.3967537e+00
   2.4982228e+00
   2.6157501e+00
   2.6874213e+00
   2.7670276e+00
   2.8628956e+00
   2.9413245e+00
   3.0279283e+00
   2.9727494e+00
   2.9068361e+00
   2.7717741e+00
   2.6604141e+00
   2.5250124e+00
   2.4374288e+00
   2.3344944e+00
   2.3009719e+00
   2.2666981e+00
   2.3408607e+00
   2.3991753e+00
   2.5692336e+00
   2.7318101e+00
   3.0211522e+00
   3.3123389e+00
   3.6083399e+00
   4.0363960e+00
   4.3915540e+00
   4.1734613e+00
   3.8874602e+00
   3.4310496e+00
   3.0650185e+00
   2.5014495e+00
   2.5073977e+00
   2.4675786e+00
   2.5285650e+00
   2.5395802e+00
   2.5182344e+00
   2.5027938e+00
   2.5065028e+00
   2.5385012e+00
   2.4454920e+00
   2.4872375e+00
   2.4063124e+00
   2.4095288e+00
   2.2925192e+00
   2.2762514e+00
   2.2798037e+00
   2.1822893e+00
   2.1061280e+00
   2.1986863e+00
   2.2168833e+00
   2.1901582e+00
   2.1749409e+00
   2.2330866e+00
   2.2170931e+00
   2.2164902e+00
   2.2079591e+00
   2.1761284e+00
   2.1117601e+00
   2.2509598e+00
   2.2733271e+00
   2.3298557e+00
   2.3995581e+00
   2.5039041e+00
   2.5961096e+00
   2.7264172e+00
   2.8039012e+00
   2.8781283e+00
   2.9220042e+00
   2.9006335e+00
   2.9035567e+00
   2.8357466e+00
   2.7603422e+00
   2.6229142e+00
   2.4613327e+00
   2.4435485e+00
   2.3316188e+00
   2.3011054e+00
   2.2831960e+00
   2.3323666e+00
   2.3194482e+00
   2.4993631e+00
   2.6713655e+00
   2.9993904e+00
   3.2860327e+00
   3.7272982e+00
   4.1578808e+00
   4.5310194e+00
   4.1716009e+00
   3.8378780e+00
   3.4684664e+00
   2.3829816e+00
   2.3838477e+00
   2.4328072e+00
   2.4452723e+00
   2.4713799e+00
   2.5058765e+00
   2.5191022e+00
   2.5274202e+00
   2.5240726e+00
   2.5018770e+00
   2.4684192e+00
   2.4219215e+00
   2.3633624e+00
   2.3700740e+00
   2.2738691e+00
   2.3467732e+00
   2.2346418e+00
   2.1443849e+00
   2.1429081e+00
   2.2147956e+00
   2.2366951e+00
   2.1599720e+00
   2.1918080e+00
   2.1813178e+00
   2.1511753e+00
   2.1935865e+00
   2.1563529e+00
   2.1626053e+00
   2.2151045e+00
   2.3134445e+00
   2.3509554e+00
   2.3627414e+00
   2.3702115e+00
   2.5276018e+00
   2.6547535e+00
   2.7464512e+00
   2.7794962e+00
   2.8648248e+00
   2.7837669e+00
   2.8273295e+00
   2.7811098e+00
   2.7172937e+00
   2.6608029e+00
   2.4993033e+00
   2.3986795e+00
   2.3226404e+00
   2.3073772e+00
   2.2342680e+00
   2.1855524e+00
   2.1465339e+00
   2.2518664e+00
   2.4138463e+00
   2.5885174e+00
   2.9110458e+00
   3.3322036e+00
   3.7353326e+00
   4.1274381e+00
   4.2890653e+00
   4.0538625e+00
   3.7660937e+00
   2.4193638e+00
   2.3984041e+00
   2.4385904e+00
   2.4493273e+00
   2.4950486e+00
   2.4578140e+00
   2.4865620e+00
   2.5002833e+00
   2.5679192e+00
   2.5029912e+00
   2.4941532e+00
   2.4589789e+00
   2.4658027e+00
   2.4124418e+00
   2.3913696e+00
   2.3752265e+00
   2.4053333e+00
   2.2453364e+00
   2.2185974e+00
   2.2232207e+00
   2.2297609e+00
   2.1736648e+00
   2.1983247e+00
   2.1219457e+00
   2.2012138e+00
   2.1517528e+00
   2.2093585e+00
   2.1694007e+00
   2.2207177e+00
   2.2683082e+00
   2.3471619e+00
   2.3483661e+00
   2.4181361e+00
   2.4639918e+00
   2.5919064e+00
   2.6650543e+00
   2.7544142e+00
   2.7987005e+00
   2.7903399e+00
   2.8146408e+00
   2.8024267e+00
   2.7711076e+00
   2.7046222e+00
   2.5978802e+00
   2.5440816e+00
   2.3935616e+00
   2.3349861e+00
   2.2116511e+00
   2.1839839e+00
   2.0609168e+00
   2.0266323e+00
   2.1579285e+00
   2.3832044e+00
   2.6062099e+00
   3.0253629e+00
   3.3526351e+00
   3.7441169e+00
   4.0262778e+00
   4.0505206e+00
   3.8443383e+00
   2.3759437e+00
   2.3262525e+00
   2.3910821e+00
   2.4524389e+00
   2.4496076e+00
   2.4621729e+00
   2.4414976e+00
   2.4763259e+00
   2.5451408e+00
   2.5245773e+00
   2.4323258e+00
   2.4083019e+00
   2.4356516e+00
   2.3951908e+00
   2.3656805e+00
   2.4447632e+00
   2.4749033e+00
   2.3868541e+00
   2.2739125e+00
   2.2370200e+00
   2.2596039e+00
   2.2081248e+00
   2.1394961e+00
   2.1462288e+00
   2.1145086e+00
   2.1854745e+00
   2.1614768e+00
   2.1753602e+00
   2.2739887e+00
   2.2681595e+00
   2.2908947e+00
   2.3055126e+00
   2.3751852e+00
   2.4570205e+00
   2.5157175e+00
   2.5645052e+00
   2.6363183e+00
   2.6900391e+00
   2.7182868e+00
   2.7025163e+00
   2.7377820e+00
   2.8317386e+00
   2.7281409e+00
   2.6800807e+00
   2.5858398e+00
   2.4918688e+00
   2.4283402e+00
   2.3238600e+00
   2.2503980e+00
   2.1399275e+00
   2.0472576e+00
   2.0261087e+00
   2.1480273e+00
   2.3511016e+00
   2.7350571e+00
   3.0436836e+00
   3.3933266e+00
   3.6620250e+00
   3.8206604e+00
   3.7501791e+00
